a,0,0,0,0,0,0,0,0,0,0,0,0,0,0,0,0,0,0,0,0
0,b,0,0,0,0,0,0,0,0,0,0,0,0,0,0,0,0,0,0,0
0,0,b,0,0,0,0,0,0,0,0,0,0,0,0,0,0,0,0,0,0
0,0,0,b,0,0,0,0,0,0,0,0,0,0,0,0,0,0,0,0,0
0,0,0,0,b,0,0,0,0,0,0,0,0,0,0,0,0,0,0,0,0
0,0,0,0,0,b,0,0,0,0,0,0,0,0,0,0,0,0,0,0,0
0,0,0,0,0,0,b,0,0,0,0,0,0,0,0,0,0,0,0,0,0
0,0,0,0,0,0,0,b,0,0,0,0,0,0,0,0,0,0,0,0,0
0,0,0,0,0,0,0,0,b,0,0,0,0,0,0,0,0,0,0,0,0
0,0,0,0,0,0,0,0,0,a,0,0,0,0,0,0,0,0,0,0,0
0,0,0,0,0,0,0,0,0,0,a,0,0,0,0,0,0,0,0,0,0
0,0,0,0,0,0,0,0,0,0,0,a,0,0,0,0,0,0,0,0,0
0,0,0,0,0,0,0,0,0,0,0,0,a,0,0,0,0,0,0,0,0
0,0,0,0,0,0,0,0,0,0,0,0,0,a,0,0,0,0,0,0,0
0,0,0,0,0,0,0,0,0,0,0,0,0,0,a,0,0,0,0,0,0
0,0,0,0,0,0,0,0,0,0,0,0,0,0,0,a,0,0,0,0,0
0,0,0,0,0,0,0,0,0,0,0,0,0,0,0,0,a,0,0,0,0
0,0,0,0,0,0,0,0,0,0,0,0,0,0,0,0,0,a,0,0,0
0,0,0,0,0,0,0,0,0,0,0,0,0,0,0,0,0,0,a,0,0
0,0,0,0,0,0,0,0,0,0,0,0,0,0,0,0,0,0,0,a,0
0,0,0,0,0,0,0,0,0,0,0,0,0,0,0,0,0,0,0,0,a
/
e,d,0,0,0,0,0,0,0,0,0,0,0,0,0,0,0,0,0,0,0
d,c,0,0,0,0,0,0,0,0,0,0,0,0,0,0,0,0,0,0,0
0,0,c,0,0,0,0,0,0,0,0,0,0,0,d,0,0,0,0,0,0
0,0,0,c,0,0,0,0,0,0,0,0,0,0,0,d,0,0,0,0,0
0,0,0,0,c,0,0,0,0,0,0,0,0,0,0,0,d,0,0,0,0
0,0,0,0,0,c,0,0,0,0,0,0,0,0,0,0,0,d,0,0,0
0,0,0,0,0,0,c,0,0,0,0,0,0,0,0,0,0,0,d,0,0
0,0,0,0,0,0,0,c,0,0,0,0,0,0,0,0,0,0,0,d,0
0,0,0,0,0,0,0,0,c,0,0,0,0,0,0,0,0,0,0,0,d
0,0,0,0,0,0,0,0,0,a,0,0,0,0,0,0,0,0,0,0,0
0,0,0,0,0,0,0,0,0,0,a,0,0,0,0,0,0,0,0,0,0
0,0,0,0,0,0,0,0,0,0,0,a,0,0,0,0,0,0,0,0,0
0,0,0,0,0,0,0,0,0,0,0,0,a,0,0,0,0,0,0,0,0
0,0,0,0,0,0,0,0,0,0,0,0,0,a,0,0,0,0,0,0,0
0,0,d,0,0,0,0,0,0,0,0,0,0,0,e,0,0,0,0,0,0
0,0,0,d,0,0,0,0,0,0,0,0,0,0,0,e,0,0,0,0,0
0,0,0,0,d,0,0,0,0,0,0,0,0,0,0,0,e,0,0,0,0
0,0,0,0,0,d,0,0,0,0,0,0,0,0,0,0,0,e,0,0,0
0,0,0,0,0,0,d,0,0,0,0,0,0,0,0,0,0,0,e,0,0
0,0,0,0,0,0,0,d,0,0,0,0,0,0,0,0,0,0,0,e,0
0,0,0,0,0,0,0,0,d,0,0,0,0,0,0,0,0,0,0,0,e
/
e,0,0,0,0,0,0,0,0,d,0,0,0,0,0,0,0,0,0,0,0
0,a,0,0,0,0,0,0,0,0,0,0,0,0,0,0,0,0,0,0,0
0,0,b,0,0,0,0,0,0,0,0,0,0,0,0,0,0,0,0,0,0
0,0,0,b,0,0,0,0,0,0,0,0,0,0,0,0,0,0,0,0,0
0,0,0,0,b,0,0,0,0,0,0,0,0,0,0,0,0,0,0,0,0
0,0,0,0,0,a,0,0,0,0,0,0,0,0,0,0,0,0,0,0,0
0,0,0,0,0,0,a,0,0,0,0,0,0,0,0,0,0,0,0,0,0
0,0,0,0,0,0,0,a,0,0,0,0,0,0,0,0,0,0,0,0,0
0,0,0,0,0,0,0,0,a,0,0,0,0,0,0,0,0,0,0,0,0
d,0,0,0,0,0,0,0,0,c,0,0,0,0,0,0,0,0,0,0,0
0,0,0,0,0,0,0,0,0,0,c,0,0,0,0,0,0,d,0,0,0
0,0,0,0,0,0,0,0,0,0,0,c,0,0,0,0,0,0,d,0,0
0,0,0,0,0,0,0,0,0,0,0,0,c,0,0,0,0,0,0,d,0
0,0,0,0,0,0,0,0,0,0,0,0,0,c,0,0,0,0,0,0,d
0,0,0,0,0,0,0,0,0,0,0,0,0,0,a,0,0,0,0,0,0
0,0,0,0,0,0,0,0,0,0,0,0,0,0,0,a,0,0,0,0,0
0,0,0,0,0,0,0,0,0,0,0,0,0,0,0,0,a,0,0,0,0
0,0,0,0,0,0,0,0,0,0,d,0,0,0,0,0,0,e,0,0,0
0,0,0,0,0,0,0,0,0,0,0,d,0,0,0,0,0,0,e,0,0
0,0,0,0,0,0,0,0,0,0,0,0,d,0,0,0,0,0,0,e,0
0,0,0,0,0,0,0,0,0,0,0,0,0,d,0,0,0,0,0,0,e
/
e,0,0,0,0,0,0,0,0,0,0,0,0,0,d,0,0,0,0,0,0
0,e,d,0,0,0,0,0,0,0,0,0,0,0,0,0,0,0,0,0,0
0,d,c,0,0,0,0,0,0,0,0,0,0,0,0,0,0,0,0,0,0
0,0,0,c,0,0,0,d,0,0,0,0,0,0,0,0,0,0,0,0,0
0,0,0,0,c,0,0,0,d,0,0,0,0,0,0,0,0,0,0,0,0
0,0,0,0,0,a,0,0,0,0,0,0,0,0,0,0,0,0,0,0,0
0,0,0,0,0,0,a,0,0,0,0,0,0,0,0,0,0,0,0,0,0
0,0,0,d,0,0,0,e,0,0,0,0,0,0,0,0,0,0,0,0,0
0,0,0,0,d,0,0,0,e,0,0,0,0,0,0,0,0,0,0,0,0
0,0,0,0,0,0,0,0,0,a,0,0,0,0,0,0,0,0,0,0,0
0,0,0,0,0,0,0,0,0,0,b,0,0,0,0,0,0,0,0,0,0
0,0,0,0,0,0,0,0,0,0,0,b,0,0,0,0,0,0,0,0,0
0,0,0,0,0,0,0,0,0,0,0,0,a,0,0,0,0,0,0,0,0
0,0,0,0,0,0,0,0,0,0,0,0,0,a,0,0,0,0,0,0,0
d,0,0,0,0,0,0,0,0,0,0,0,0,0,c,0,0,0,0,0,0
0,0,0,0,0,0,0,0,0,0,0,0,0,0,0,c,0,0,0,d,0
0,0,0,0,0,0,0,0,0,0,0,0,0,0,0,0,c,0,0,0,d
0,0,0,0,0,0,0,0,0,0,0,0,0,0,0,0,0,a,0,0,0
0,0,0,0,0,0,0,0,0,0,0,0,0,0,0,0,0,0,a,0,0
0,0,0,0,0,0,0,0,0,0,0,0,0,0,0,d,0,0,0,e,0
0,0,0,0,0,0,0,0,0,0,0,0,0,0,0,0,d,0,0,0,e
/
e,0,0,0,0,0,0,0,0,0,0,0,0,0,0,0,0,d,0,0,0
0,e,0,0,0,d,0,0,0,0,0,0,0,0,0,0,0,0,0,0,0
0,0,a,0,0,0,0,0,0,0,0,0,0,0,0,0,0,0,0,0,0
0,0,0,b,0,0,0,0,0,0,0,0,0,0,0,0,0,0,0,0,0
0,0,0,0,a,0,0,0,0,0,0,0,0,0,0,0,0,0,0,0,0
0,d,0,0,0,c,0,0,0,0,0,0,0,0,0,0,0,0,0,0,0
0,0,0,0,0,0,c,0,d,0,0,0,0,0,0,0,0,0,0,0,0
0,0,0,0,0,0,0,a,0,0,0,0,0,0,0,0,0,0,0,0,0
0,0,0,0,0,0,d,0,e,0,0,0,0,0,0,0,0,0,0,0,0
0,0,0,0,0,0,0,0,0,e,d,0,0,0,0,0,0,0,0,0,0
0,0,0,0,0,0,0,0,0,d,c,0,0,0,0,0,0,0,0,0,0
0,0,0,0,0,0,0,0,0,0,0,c,0,d,0,0,0,0,0,0,0
0,0,0,0,0,0,0,0,0,0,0,0,a,0,0,0,0,0,0,0,0
0,0,0,0,0,0,0,0,0,0,0,d,0,e,0,0,0,0,0,0,0
0,0,0,0,0,0,0,0,0,0,0,0,0,0,a,0,0,0,0,0,0
0,0,0,0,0,0,0,0,0,0,0,0,0,0,0,b,0,0,0,0,0
0,0,0,0,0,0,0,0,0,0,0,0,0,0,0,0,a,0,0,0,0
d,0,0,0,0,0,0,0,0,0,0,0,0,0,0,0,0,c,0,0,0
0,0,0,0,0,0,0,0,0,0,0,0,0,0,0,0,0,0,c,0,d
0,0,0,0,0,0,0,0,0,0,0,0,0,0,0,0,0,0,0,a,0
0,0,0,0,0,0,0,0,0,0,0,0,0,0,0,0,0,0,d,0,e
/
e,0,0,0,0,0,0,0,0,0,0,0,0,0,0,0,0,0,0,d,0
0,e,0,0,0,0,0,d,0,0,0,0,0,0,0,0,0,0,0,0,0
0,0,e,d,0,0,0,0,0,0,0,0,0,0,0,0,0,0,0,0,0
0,0,d,c,0,0,0,0,0,0,0,0,0,0,0,0,0,0,0,0,0
0,0,0,0,a,0,0,0,0,0,0,0,0,0,0,0,0,0,0,0,0
0,0,0,0,0,a,0,0,0,0,0,0,0,0,0,0,0,0,0,0,0
0,0,0,0,0,0,b,0,0,0,0,0,0,0,0,0,0,0,0,0,0
0,d,0,0,0,0,0,c,0,0,0,0,0,0,0,0,0,0,0,0,0
0,0,0,0,0,0,0,0,a,0,0,0,0,0,0,0,0,0,0,0,0
0,0,0,0,0,0,0,0,0,e,0,0,d,0,0,0,0,0,0,0,0
0,0,0,0,0,0,0,0,0,0,a,0,0,0,0,0,0,0,0,0,0
0,0,0,0,0,0,0,0,0,0,0,b,0,0,0,0,0,0,0,0,0
0,0,0,0,0,0,0,0,0,d,0,0,c,0,0,0,0,0,0,0,0
0,0,0,0,0,0,0,0,0,0,0,0,0,a,0,0,0,0,0,0,0
0,0,0,0,0,0,0,0,0,0,0,0,0,0,e,d,0,0,0,0,0
0,0,0,0,0,0,0,0,0,0,0,0,0,0,d,c,0,0,0,0,0
0,0,0,0,0,0,0,0,0,0,0,0,0,0,0,0,a,0,0,0,0
0,0,0,0,0,0,0,0,0,0,0,0,0,0,0,0,0,a,0,0,0
0,0,0,0,0,0,0,0,0,0,0,0,0,0,0,0,0,0,b,0,0
d,0,0,0,0,0,0,0,0,0,0,0,0,0,0,0,0,0,0,c,0
0,0,0,0,0,0,0,0,0,0,0,0,0,0,0,0,0,0,0,0,a
/
e,0,0,0,0,0,0,0,0,0,0,0,0,0,0,0,0,0,0,0,d
0,e,0,0,0,0,0,0,d,0,0,0,0,0,0,0,0,0,0,0,0
0,0,e,0,d,0,0,0,0,0,0,0,0,0,0,0,0,0,0,0,0
0,0,0,a,0,0,0,0,0,0,0,0,0,0,0,0,0,0,0,0,0
0,0,d,0,c,0,0,0,0,0,0,0,0,0,0,0,0,0,0,0,0
0,0,0,0,0,e,d,0,0,0,0,0,0,0,0,0,0,0,0,0,0
0,0,0,0,0,d,c,0,0,0,0,0,0,0,0,0,0,0,0,0,0
0,0,0,0,0,0,0,a,0,0,0,0,0,0,0,0,0,0,0,0,0
0,d,0,0,0,0,0,0,c,0,0,0,0,0,0,0,0,0,0,0,0
0,0,0,0,0,0,0,0,0,e,0,0,0,d,0,0,0,0,0,0,0
0,0,0,0,0,0,0,0,0,0,e,d,0,0,0,0,0,0,0,0,0
0,0,0,0,0,0,0,0,0,0,d,c,0,0,0,0,0,0,0,0,0
0,0,0,0,0,0,0,0,0,0,0,0,a,0,0,0,0,0,0,0,0
0,0,0,0,0,0,0,0,0,d,0,0,0,c,0,0,0,0,0,0,0
0,0,0,0,0,0,0,0,0,0,0,0,0,0,e,0,d,0,0,0,0
0,0,0,0,0,0,0,0,0,0,0,0,0,0,0,a,0,0,0,0,0
0,0,0,0,0,0,0,0,0,0,0,0,0,0,d,0,c,0,0,0,0
0,0,0,0,0,0,0,0,0,0,0,0,0,0,0,0,0,e,d,0,0
0,0,0,0,0,0,0,0,0,0,0,0,0,0,0,0,0,d,c,0,0
0,0,0,0,0,0,0,0,0,0,0,0,0,0,0,0,0,0,0,a,0
d,0,0,0,0,0,0,0,0,0,0,0,0,0,0,0,0,0,0,0,c